[-5.18502292e-21 -1.78319677e-12 -2.43615063e-13  4.11048873e-11
 -1.29758578e-10 -2.15362824e-15  9.03739113e-16  2.09327467e-05
 -1.98607429e-06 -1.67319754e-08  9.98214034e-10]
179630807291.18045
[-8.69687451e-21 -1.15861782e-12 -1.78829248e-13  5.78843904e-11
 -1.70019583e-10 -2.18278201e-15  8.52944060e-16  2.76280862e-05
 -1.76981291e-06 -1.44542190e-08  8.22627965e-10]
462094258733.7087
[ 6.52966478e-21 -1.69093393e-12 -2.43080623e-13  3.82653916e-11
 -2.24224639e-10 -2.30701156e-15  5.99618650e-16  2.00079356e-05
 -1.90837094e-06 -1.85565233e-08  9.98214034e-10]
510967994991.92914
[ 0.00000000e+00 -1.30102779e-12 -2.17845738e-13  3.88882832e-11
 -1.91779863e-10 -1.72710055e-15  8.35137475e-16  2.40389953e-05
 -1.91096747e-06 -1.93408894e-08  9.42420791e-10]
1476438746552.3872
[-7.74360806e-21 -1.45799022e-12 -2.93341307e-13  4.64770325e-11
 -2.12759801e-10 -2.22561888e-15  7.27489245e-16  1.70649186e-05
 -2.05939248e-06 -1.39910383e-08  1.05796690e-09]
1524150061905.8984
[-2.58208900e-21 -1.77201102e-12 -2.56907742e-13  3.30695453e-11
 -1.28582045e-10 -1.99039404e-15  1.07278473e-15  2.05019645e-05
 -2.29459294e-06 -1.28045430e-08  9.98214034e-10]
2321758498308.3286
[-6.92541273e-21 -1.64598999e-12 -2.54738722e-13  3.94622966e-11
 -1.75214813e-10 -1.68785080e-15  6.08940190e-16  2.40541943e-05
 -2.19248760e-06 -1.27101857e-08  9.07916081e-10]
2821326524774.1655
[-4.25947813e-21 -1.07105247e-12 -1.79451531e-13  5.95841744e-11
 -2.25993777e-10 -1.88397762e-15  8.52944060e-16  2.60288302e-05
 -1.48910290e-06 -1.55833876e-08  7.91097784e-10]
4051231993182.057
[ 6.55769549e-21 -1.51670077e-12 -2.28980078e-13  5.37292639e-11
 -1.34752671e-10 -2.11105731e-15  9.08828325e-16  2.69543454e-05
 -2.34106334e-06 -1.31303170e-08  1.20003230e-09]
20079976103245.547
[ 2.04851683e-21 -1.88543371e-12 -1.95829027e-13  4.55079413e-11
 -2.14452195e-10 -1.44047674e-15  1.00451120e-15  1.99851678e-05
 -1.59319126e-06 -1.59792834e-08  1.02328059e-09]
29517769743295.46
[-2.76733363e-21 -1.45799022e-12 -1.96931556e-13  3.74874272e-11
 -1.71303665e-10 -1.73311338e-15  7.47332330e-16  2.96290133e-05
 -1.74418198e-06 -1.78057608e-08  1.05254144e-09]
31113518582178.86
[ 1.66211628e-21 -1.51025320e-12 -2.11648136e-13  4.62010753e-11
 -1.79482422e-10 -2.02036497e-15  6.38603117e-16  2.52126865e-05
 -1.56525509e-06 -1.42478929e-08  9.49937972e-10]
31886363174835.227
[ 4.86885643e-21 -1.42388327e-12 -2.60878513e-13  5.67324613e-11
 -1.34470927e-10 -1.83669770e-15  8.93518718e-16  2.34804067e-05
 -1.92856897e-06 -1.84353215e-08  7.60870282e-10]
32695882256735.9
[ 2.53398148e-21 -1.45799022e-12 -2.03993093e-13  3.91248933e-11
 -1.99232360e-10 -2.30833240e-15  7.70960771e-16  1.67068038e-05
 -1.70339954e-06 -1.16418338e-08  1.05790289e-09]
38274206224370.31
[-6.05196576e-21 -1.51338956e-12 -2.44605636e-13  4.53118857e-11
 -1.92260180e-10 -2.25485777e-15  6.15810869e-16  2.29423303e-05
 -2.31247291e-06 -1.27792807e-08  7.23304142e-10]
68372436304180.55
[ 8.09557568e-21 -1.45799022e-12 -2.26024203e-13  5.99865079e-11
 -2.15935967e-10 -1.51911180e-15  1.03523355e-15  1.65503012e-05
 -2.39048999e-06 -1.69968092e-08  8.76035857e-10]
72158963210816.03
[ 0.00000000e+00 -1.24174956e-12 -1.87911273e-13  5.59895644e-11
 -2.16784855e-10 -1.77759132e-15  6.50492605e-16  1.66724982e-05
 -1.83492207e-06 -1.57508368e-08  1.28096705e-09]
73423461981448.42
[ 5.16483868e-21 -1.81041240e-12 -2.42314509e-13  4.62010753e-11
 -1.68199451e-10 -2.34705788e-15  8.70818959e-16  2.82110857e-05
 -2.61050771e-06 -1.39938348e-08  7.31882342e-10]
117282973940558.12
[ 8.00369553e-21 -1.35065506e-12 -2.28980078e-13  5.74212581e-11
 -2.01253097e-10 -2.30499753e-15  8.78239744e-16  2.23653071e-05
 -1.73194197e-06 -1.19313737e-08  1.28045666e-09]
161129698287184.2
[-2.27936467e-21 -1.77969671e-12 -2.43041959e-13  4.61567440e-11
 -1.63592383e-10 -1.87018881e-15  8.52944060e-16  2.90060616e-05
 -1.79959826e-06 -1.33404586e-08  1.28691270e-09]
171823498691571.2
